  -100.000000000000000
   -99.599999999999994
   -99.199999999999989
   -98.799999999999983
   -98.399999999999977
   -97.999999999999972
   -97.599999999999966
   -97.199999999999960
   -96.799999999999955
   -96.399999999999949
   -95.999999999999943
   -95.599999999999937
   -95.199999999999932
   -94.799999999999926
   -94.399999999999920
   -93.999999999999915
   -93.599999999999909
   -93.199999999999903
   -92.799999999999898
   -92.399999999999892
   -91.999999999999886
   -91.599999999999881
   -91.199999999999875
   -90.799999999999869
   -90.399999999999864
   -89.999999999999858
   -89.599999999999852
   -89.199999999999847
   -88.799999999999841
   -88.399999999999835
   -87.999999999999829
   -87.599999999999824
   -87.199999999999818
   -86.799999999999812
   -86.399999999999807
   -85.999999999999801
   -85.599999999999795
   -85.199999999999790
   -84.799999999999784
   -84.399999999999778
   -83.999999999999773
   -83.599999999999767
   -83.199999999999761
   -82.799999999999756
   -82.399999999999750
   -81.999999999999744
   -81.599999999999739
   -81.199999999999733
   -80.799999999999727
   -80.399999999999721
   -79.999999999999716
   -79.599999999999710
   -79.199999999999704
   -78.799999999999699
   -78.399999999999693
   -77.999999999999687
   -77.599999999999682
   -77.199999999999676
   -76.799999999999670
   -76.399999999999665
   -75.999999999999659
   -75.599999999999653
   -75.199999999999648
   -74.799999999999642
   -74.399999999999636
   -73.999999999999631
   -73.599999999999625
   -73.199999999999619
   -72.799999999999613
   -72.399999999999608
   -71.999999999999602
   -71.599999999999596
   -71.199999999999591
   -70.799999999999585
   -70.399999999999579
   -69.999999999999574
   -69.599999999999568
   -69.199999999999562
   -68.799999999999557
   -68.399999999999551
   -67.999999999999545
   -67.599999999999540
   -67.199999999999534
   -66.799999999999528
   -66.399999999999523
   -65.999999999999517
   -65.599999999999511
   -65.199999999999505
   -64.799999999999500
   -64.399999999999494
   -63.999999999999496
   -63.599999999999497
   -63.199999999999498
   -62.799999999999500
   -62.399999999999501
   -61.999999999999503
   -61.599999999999504
   -61.199999999999505
   -60.799999999999507
   -60.399999999999508
   -59.999999999999510
   -59.599999999999511
   -59.199999999999513
   -58.799999999999514
   -58.399999999999515
   -57.999999999999517
   -57.599999999999518
   -57.199999999999520
   -56.799999999999521
   -56.399999999999523
   -55.999999999999524
   -55.599999999999525
   -55.199999999999527
   -54.799999999999528
   -54.399999999999530
   -53.999999999999531
   -53.599999999999532
   -53.199999999999534
   -52.799999999999535
   -52.399999999999537
   -51.999999999999538
   -51.599999999999540
   -51.199999999999541
   -50.799999999999542
   -50.399999999999544
   -49.999999999999545
   -49.599999999999547
   -49.199999999999548
   -48.799999999999550
   -48.399999999999551
   -47.999999999999552
   -47.599999999999554
   -47.199999999999555
   -46.799999999999557
   -46.399999999999558
   -45.999999999999559
   -45.599999999999561
   -45.199999999999562
   -44.799999999999564
   -44.399999999999565
   -43.999999999999567
   -43.599999999999568
   -43.199999999999569
   -42.799999999999571
   -42.399999999999572
   -41.999999999999574
   -41.599999999999575
   -41.199999999999577
   -40.799999999999578
   -40.399999999999579
   -39.999999999999581
   -39.599999999999582
   -39.199999999999584
   -38.799999999999585
   -38.399999999999586
   -37.999999999999588
   -37.599999999999589
   -37.199999999999591
   -36.799999999999592
   -36.399999999999594
   -35.999999999999595
   -35.599999999999596
   -35.199999999999598
   -34.799999999999599
   -34.399999999999601
   -33.999999999999602
   -33.599999999999604
   -33.199999999999605
   -32.799999999999606
   -32.399999999999608
   -31.999999999999609
   -31.599999999999611
   -31.199999999999612
   -30.799999999999613
   -30.399999999999615
   -29.999999999999616
   -29.599999999999618
   -29.199999999999619
   -28.799999999999621
   -28.399999999999622
   -27.999999999999623
   -27.599999999999625
   -27.199999999999626
   -26.799999999999628
   -26.399999999999629
   -25.999999999999631
   -25.599999999999632
   -25.199999999999633
   -24.799999999999635
   -24.399999999999636
   -23.999999999999638
   -23.599999999999639
   -23.199999999999640
   -22.799999999999642
   -22.399999999999643
   -21.999999999999645
   -21.599999999999646
   -21.199999999999648
   -20.799999999999649
   -20.399999999999650
   -19.999999999999652
   -19.599999999999653
   -19.199999999999655
   -18.799999999999656
   -18.399999999999658
   -17.999999999999659
   -17.599999999999660
   -17.199999999999662
   -16.799999999999663
   -16.399999999999665
   -15.999999999999664
   -15.599999999999664
   -15.199999999999664
   -14.799999999999663
   -14.399999999999663
   -13.999999999999662
   -13.599999999999662
   -13.199999999999662
   -12.799999999999661
   -12.399999999999661
   -11.999999999999661
   -11.599999999999660
   -11.199999999999660
   -10.799999999999660
   -10.399999999999659
    -9.999999999999659
    -9.599999999999659
    -9.199999999999658
    -8.799999999999658
    -8.399999999999658
    -7.999999999999657
    -7.599999999999657
    -7.199999999999656
    -6.799999999999656
    -6.399999999999656
    -5.999999999999655
    -5.599999999999655
    -5.199999999999655
    -4.799999999999654
    -4.399999999999654
    -3.999999999999654
    -3.599999999999654
    -3.199999999999654
    -2.799999999999654
    -2.399999999999654
    -1.999999999999654
    -1.599999999999655
    -1.199999999999655
    -0.799999999999655
    -0.399999999999655
     0.000000000000345
     0.400000000000345
     0.800000000000345
     1.200000000000345
     1.600000000000346
     2.000000000000346
     2.400000000000345
     2.800000000000345
     3.200000000000345
     3.600000000000345
     4.000000000000346
     4.400000000000346
     4.800000000000346
     5.200000000000347
     5.600000000000347
     6.000000000000347
     6.400000000000348
     6.800000000000348
     7.200000000000348
     7.600000000000349
     8.000000000000348
     8.400000000000349
     8.800000000000349
     9.200000000000349
     9.600000000000350
    10.000000000000350
    10.400000000000350
    10.800000000000351
    11.200000000000351
    11.600000000000351
    12.000000000000352
    12.400000000000352
    12.800000000000352
    13.200000000000353
    13.600000000000353
    14.000000000000353
    14.400000000000354
    14.800000000000354
    15.200000000000355
    15.600000000000355
    16.000000000000355
    16.400000000000354
    16.800000000000352
    17.200000000000351
    17.600000000000350
    18.000000000000348
    18.400000000000347
    18.800000000000345
    19.200000000000344
    19.600000000000342
    20.000000000000341
    20.400000000000340
    20.800000000000338
    21.200000000000337
    21.600000000000335
    22.000000000000334
    22.400000000000333
    22.800000000000331
    23.200000000000330
    23.600000000000328
    24.000000000000327
    24.400000000000325
    24.800000000000324
    25.200000000000323
    25.600000000000321
    26.000000000000320
    26.400000000000318
    26.800000000000317
    27.200000000000315
    27.600000000000314
    28.000000000000313
    28.400000000000311
    28.800000000000310
    29.200000000000308
    29.600000000000307
    30.000000000000306
    30.400000000000304
    30.800000000000303
    31.200000000000301
    31.600000000000300
    32.000000000000298
    32.400000000000297
    32.800000000000296
    33.200000000000294
    33.600000000000293
    34.000000000000291
    34.400000000000290
    34.800000000000288
    35.200000000000287
    35.600000000000286
    36.000000000000284
    36.400000000000283
    36.800000000000281
    37.200000000000280
    37.600000000000279
    38.000000000000277
    38.400000000000276
    38.800000000000274
    39.200000000000273
    39.600000000000271
    40.000000000000270
    40.400000000000269
    40.800000000000267
    41.200000000000266
    41.600000000000264
    42.000000000000263
    42.400000000000261
    42.800000000000260
    43.200000000000259
    43.600000000000257
    44.000000000000256
    44.400000000000254
    44.800000000000253
    45.200000000000252
    45.600000000000250
    46.000000000000249
    46.400000000000247
    46.800000000000246
    47.200000000000244
    47.600000000000243
    48.000000000000242
    48.400000000000240
    48.800000000000239
    49.200000000000237
    49.600000000000236
    50.000000000000234
    50.400000000000233
    50.800000000000232
    51.200000000000230
    51.600000000000229
    52.000000000000227
    52.400000000000226
    52.800000000000225
    53.200000000000223
    53.600000000000222
    54.000000000000220
    54.400000000000219
    54.800000000000217
    55.200000000000216
    55.600000000000215
    56.000000000000213
    56.400000000000212
    56.800000000000210
    57.200000000000209
    57.600000000000207
    58.000000000000206
    58.400000000000205
    58.800000000000203
    59.200000000000202
    59.600000000000200
    60.000000000000199
    60.400000000000198
    60.800000000000196
    61.200000000000195
    61.600000000000193
    62.000000000000192
    62.400000000000190
    62.800000000000189
    63.200000000000188
    63.600000000000186
    64.000000000000185
    64.400000000000190
    64.800000000000196
    65.200000000000202
    65.600000000000207
    66.000000000000213
    66.400000000000219
    66.800000000000225
    67.200000000000230
    67.600000000000236
    68.000000000000242
    68.400000000000247
    68.800000000000253
    69.200000000000259
    69.600000000000264
    70.000000000000270
    70.400000000000276
    70.800000000000281
    71.200000000000287
    71.600000000000293
    72.000000000000298
    72.400000000000304
    72.800000000000310
    73.200000000000315
    73.600000000000321
    74.000000000000327
    74.400000000000333
    74.800000000000338
    75.200000000000344
    75.600000000000350
    76.000000000000355
    76.400000000000361
    76.800000000000367
    77.200000000000372
    77.600000000000378
    78.000000000000384
    78.400000000000389
    78.800000000000395
    79.200000000000401
    79.600000000000406
    80.000000000000412
    80.400000000000418
    80.800000000000423
    81.200000000000429
    81.600000000000435
    82.000000000000441
    82.400000000000446
    82.800000000000452
    83.200000000000458
    83.600000000000463
    84.000000000000469
    84.400000000000475
    84.800000000000480
    85.200000000000486
    85.600000000000492
    86.000000000000497
    86.400000000000503
    86.800000000000509
    87.200000000000514
    87.600000000000520
    88.000000000000526
    88.400000000000531
    88.800000000000537
    89.200000000000543
    89.600000000000549
    90.000000000000554
    90.400000000000560
    90.800000000000566
    91.200000000000571
    91.600000000000577
    92.000000000000583
    92.400000000000588
    92.800000000000594
    93.200000000000600
    93.600000000000605
    94.000000000000611
    94.400000000000617
    94.800000000000622
    95.200000000000628
    95.600000000000634
    96.000000000000639
    96.400000000000645
    96.800000000000651
    97.200000000000657
    97.600000000000662
    98.000000000000668
    98.400000000000674
    98.800000000000679
    99.200000000000685
    99.600000000000691
